Agent ID,Number of Jobs Selected
2,33
0,37
1,30
