Time Interval,Agent 0,Agent 8,Agent 1,Agent 3,Agent 5,Agent 4,Agent 7,Agent 2,Agent 6,Agent 9
0,0.0,0.0,0.0,0.0,0.0,0.0,0.0,0.0,0.0,0.0
1,0.0,0.0,0.0,0.0,0.0,0.0,0.0,0.0,0.0,0.0
2,0.0,0.0,0.0,0.0,0.0,0.0,0.0,0.0,0.0,9.488213895844451
3,0.0,37.540140993164385,0.0,0.0,0.0,0.0,0.0,0.0,0.0,9.488213895844451
4,0.0,37.540140993164385,0.0,0.0,0.0,0.0,0.0,0.0,0.0,9.488213895844451
5,0.0,37.540140993164385,16.5577826530448,0.0,0.0,0.0,0.0,0.0,0.0,9.488213895844451
6,0.0,37.540140993164385,16.5577826530448,24.274117082860556,0.0,15.783833430210647,0.0,0.0,0.0,9.488213895844451
7,0.0,37.540140993164385,16.5577826530448,24.274117082860556,0.0,15.783833430210647,0.0,0.0,0.0,9.488213895844451
8,0.0,37.540140993164385,16.5577826530448,24.274117082860556,0.0,15.783833430210647,0.0,0.0,0.0,29.981863506930022
9,0.0,37.540140993164385,16.5577826530448,24.274117082860556,0.0,15.783833430210647,0.0,0.0,0.0,29.981863506930022
10,0.0,37.540140993164385,16.5577826530448,24.274117082860556,26.047211769840768,15.783833430210647,0.0,0.0,0.0,29.981863506930022
11,0.0,37.540140993164385,16.5577826530448,24.274117082860556,26.047211769840768,15.783833430210647,0.0,0.0,0.0,29.981863506930022
12,0.0,37.540140993164385,16.5577826530448,24.274117082860556,26.047211769840768,15.783833430210647,0.0,0.0,0.0,29.981863506930022
13,0.0,9.29149492532272,16.5577826530448,24.274117082860556,26.047211769840768,15.783833430210647,0.0,0.0,0.0,29.981863506930022
14,19.623112936099286,9.29149492532272,16.5577826530448,24.274117082860556,26.047211769840768,15.783833430210647,20.739649942722153,0.0,0.0,29.981863506930022
15,19.623112936099286,9.29149492532272,16.5577826530448,24.274117082860556,26.047211769840768,15.783833430210647,20.739649942722153,0.0,0.0,29.981863506930022
16,19.623112936099286,9.29149492532272,13.579450501906987,24.274117082860556,26.047211769840768,15.783833430210647,20.739649942722153,0.0,0.0,29.981863506930022
17,19.623112936099286,9.29149492532272,13.579450501906987,24.274117082860556,26.047211769840768,15.783833430210647,20.739649942722153,0.0,0.0,29.981863506930022
18,19.623112936099286,9.29149492532272,13.579450501906987,24.274117082860556,26.047211769840768,15.783833430210647,20.739649942722153,0.0,0.0,29.981863506930022
19,19.623112936099286,9.29149492532272,13.579450501906987,24.274117082860556,26.047211769840768,15.783833430210647,20.739649942722153,0.0,0.0,29.981863506930022
20,19.623112936099286,9.29149492532272,13.579450501906987,24.274117082860556,26.047211769840768,15.783833430210647,20.739649942722153,0.0,0.0,29.981863506930022
21,19.623112936099286,9.29149492532272,13.579450501906987,21.815404603031865,26.047211769840768,15.783833430210647,20.739649942722153,0.0,0.0,29.981863506930022
22,19.623112936099286,9.29149492532272,13.579450501906987,21.815404603031865,26.047211769840768,0.0,20.739649942722153,5.51186862403583,14.674409056979348,21.653841733187676
23,19.623112936099286,9.29149492532272,13.579450501906987,21.815404603031865,26.047211769840768,3.3262739280946625,20.739649942722153,5.51186862403583,14.674409056979348,21.653841733187676
24,19.623112936099286,9.29149492532272,13.579450501906987,21.815404603031865,26.047211769840768,3.3262739280946625,20.739649942722153,5.51186862403583,14.674409056979348,21.653841733187676
25,19.623112936099286,9.29149492532272,13.579450501906987,21.815404603031865,26.047211769840768,3.3262739280946625,20.739649942722153,5.51186862403583,14.674409056979348,21.653841733187676
26,19.623112936099286,9.29149492532272,13.579450501906987,21.815404603031865,26.047211769840768,3.3262739280946625,20.739649942722153,5.51186862403583,14.674409056979348,21.653841733187676
27,19.623112936099286,9.29149492532272,13.579450501906987,21.815404603031865,26.047211769840768,3.3262739280946625,20.739649942722153,5.51186862403583,14.674409056979348,21.653841733187676
28,19.623112936099286,9.29149492532272,13.579450501906987,21.815404603031865,26.047211769840768,3.3262739280946625,20.739649942722153,5.51186862403583,14.674409056979348,21.653841733187676
29,19.623112936099286,9.29149492532272,13.579450501906987,21.815404603031865,26.047211769840768,19.768196424865707,20.739649942722153,5.51186862403583,14.674409056979348,21.653841733187676
30,19.623112936099286,9.29149492532272,13.579450501906987,21.815404603031865,6.762165531830119,19.768196424865707,20.739649942722153,5.51186862403583,14.674409056979348,21.653841733187676
31,19.623112936099286,9.29149492532272,13.579450501906987,21.815404603031865,6.762165531830119,19.768196424865707,27.010362405032005,5.51186862403583,14.674409056979348,21.653841733187676
32,19.623112936099286,10.185604793416244,13.579450501906987,21.815404603031865,6.762165531830119,19.768196424865707,27.010362405032005,5.51186862403583,14.674409056979348,21.653841733187676
33,19.623112936099286,10.185604793416244,13.579450501906987,21.815404603031865,6.762165531830119,19.768196424865707,27.010362405032005,5.51186862403583,14.674409056979348,21.653841733187676
34,19.623112936099286,10.185604793416244,13.579450501906987,21.815404603031865,6.762165531830119,19.768196424865707,27.010362405032005,5.51186862403583,14.674409056979348,21.653841733187676
35,19.623112936099286,10.185604793416244,13.579450501906987,21.815404603031865,6.762165531830119,19.768196424865707,27.010362405032005,5.51186862403583,14.674409056979348,21.653841733187676
36,17.740202207153295,10.185604793416244,13.579450501906987,21.815404603031865,6.762165531830119,19.768196424865707,27.010362405032005,5.51186862403583,14.674409056979348,21.653841733187676
37,17.740202207153295,10.185604793416244,13.579450501906987,21.815404603031865,6.762165531830119,19.768196424865707,27.010362405032005,15.946466782781785,14.674409056979348,21.653841733187676
38,17.740202207153295,10.185604793416244,13.579450501906987,21.815404603031865,6.762165531830119,19.768196424865707,27.010362405032005,15.946466782781785,14.674409056979348,21.653841733187676
39,17.740202207153295,10.185604793416244,13.58688406685161,21.815404603031865,6.762165531830119,19.768196424865707,27.010362405032005,15.946466782781785,14.674409056979348,21.653841733187676
40,17.740202207153295,10.185604793416244,13.58688406685161,21.815404603031865,6.762165531830119,19.768196424865707,27.010362405032005,15.946466782781785,14.674409056979348,21.653841733187676
41,17.740202207153295,10.185604793416244,13.58688406685161,21.815404603031865,6.762165531830119,19.768196424865707,27.010362405032005,15.946466782781785,14.674409056979348,21.653841733187676
42,17.740202207153295,10.185604793416244,13.58688406685161,21.815404603031865,6.762165531830119,19.768196424865707,27.010362405032005,10.434598158745956,14.674409056979348,21.653841733187676
43,17.740202207153295,10.185604793416244,13.58688406685161,21.815404603031865,6.762165531830119,19.768196424865707,27.010362405032005,10.434598158745956,14.674409056979348,21.653841733187676
44,17.740202207153295,10.185604793416244,13.58688406685161,21.815404603031865,6.762165531830119,19.768196424865707,27.010362405032005,10.434598158745956,14.674409056979348,21.653841733187676
45,17.740202207153295,10.185604793416244,13.58688406685161,17.023352354325255,6.762165531830119,19.768196424865707,27.010362405032005,10.434598158745956,14.674409056979348,21.653841733187676
46,17.740202207153295,10.185604793416244,13.58688406685161,17.023352354325255,6.762165531830119,19.768196424865707,27.010362405032005,10.434598158745956,14.674409056979348,21.653841733187676
47,17.740202207153295,10.185604793416244,13.58688406685161,17.023352354325255,6.762165531830119,19.768196424865707,27.010362405032005,10.434598158745956,14.674409056979348,21.653841733187676
48,17.740202207153295,10.185604793416244,13.58688406685161,17.023352354325255,6.762165531830119,19.768196424865707,27.010362405032005,10.434598158745956,32.39858173675044,21.653841733187676
49,17.740202207153295,10.185604793416244,13.58688406685161,17.023352354325255,6.762165531830119,19.768196424865707,27.010362405032005,10.434598158745956,32.39858173675044,21.653841733187676
50,17.740202207153295,10.185604793416244,13.58688406685161,17.023352354325255,6.762165531830119,19.768196424865707,27.010362405032005,10.434598158745956,32.39858173675044,21.653841733187676
51,17.740202207153295,10.185604793416244,13.58688406685161,17.023352354325255,6.762165531830119,19.768196424865707,27.010362405032005,10.434598158745956,32.39858173675044,21.653841733187676
52,17.740202207153295,10.185604793416244,13.58688406685161,17.023352354325255,23.14938529112959,19.768196424865707,27.010362405032005,10.434598158745956,32.39858173675044,21.653841733187676
53,17.740202207153295,10.185604793416244,13.58688406685161,17.023352354325255,23.14938529112959,16.441922496771042,27.010362405032005,10.434598158745956,32.39858173675044,21.64714211541421
54,17.740202207153295,10.185604793416244,13.58688406685161,17.023352354325255,23.14938529112959,16.441922496771042,27.010362405032005,10.434598158745956,32.39858173675044,21.64714211541421
55,17.740202207153295,10.185604793416244,13.58688406685161,17.023352354325255,23.14938529112959,16.441922496771042,27.010362405032005,10.434598158745956,32.39858173675044,21.64714211541421
56,17.740202207153295,10.185604793416244,13.58688406685161,17.023352354325255,23.14938529112959,16.441922496771042,27.010362405032005,10.434598158745956,32.39858173675044,21.64714211541421
57,17.740202207153295,10.185604793416244,13.58688406685161,17.023352354325255,23.14938529112959,16.441922496771042,27.010362405032005,10.434598158745956,32.39858173675044,21.64714211541421
58,17.740202207153295,10.185604793416244,13.58688406685161,17.023352354325255,23.14938529112959,16.441922496771042,27.010362405032005,10.434598158745956,32.39858173675044,21.64714211541421
59,17.740202207153295,10.185604793416244,13.58688406685161,17.023352354325255,23.14938529112959,16.441922496771042,27.010362405032005,10.434598158745956,32.39858173675044,21.64714211541421
60,17.740202207153295,10.185604793416244,13.58688406685161,17.023352354325255,23.14938529112959,26.40946605800869,27.010362405032005,10.434598158745956,32.39858173675044,21.64714211541421
61,17.740202207153295,10.185604793416244,13.58688406685161,17.023352354325255,23.14938529112959,26.40946605800869,27.010362405032005,10.434598158745956,32.39858173675044,21.64714211541421
62,17.740202207153295,10.185604793416244,13.58688406685161,17.023352354325255,23.14938529112959,26.40946605800869,27.010362405032005,10.434598158745956,32.39858173675044,21.64714211541421
63,17.740202207153295,10.185604793416244,13.58688406685161,17.023352354325255,23.14938529112959,26.40946605800869,27.010362405032005,10.434598158745956,32.39858173675044,21.64714211541421
64,17.740202207153295,10.185604793416244,13.58688406685161,17.023352354325255,16.387219759299473,26.40946605800869,27.010362405032005,10.434598158745956,32.39858173675044,21.64714211541421
65,17.740202207153295,21.430305476114796,13.58688406685161,17.023352354325255,16.387219759299473,26.40946605800869,27.010362405032005,10.434598158745956,32.39858173675044,21.64714211541421
66,17.740202207153295,21.430305476114796,13.58688406685161,17.023352354325255,16.387219759299473,26.40946605800869,19.983781664796044,10.434598158745956,32.39858173675044,21.64714211541421
67,17.740202207153295,21.430305476114796,13.58688406685161,17.023352354325255,16.387219759299473,26.40946605800869,19.983781664796044,10.434598158745956,32.39858173675044,21.64714211541421
68,17.740202207153295,11.244700682698554,13.58688406685161,17.023352354325255,16.387219759299473,26.40946605800869,19.983781664796044,10.434598158745956,32.39858173675044,21.64714211541421
69,39.1209849098645,11.244700682698554,13.58688406685161,17.023352354325255,16.387219759299473,26.40946605800869,19.983781664796044,10.434598158745956,32.39858173675044,21.64714211541421
70,39.1209849098645,11.244700682698554,13.58688406685161,17.023352354325255,16.387219759299473,26.40946605800869,19.983781664796044,10.434598158745956,32.39858173675044,21.64714211541421
71,39.1209849098645,11.244700682698554,13.58688406685161,17.023352354325255,16.387219759299473,26.40946605800869,19.983781664796044,33.90286140831052,32.39858173675044,21.64714211541421
72,39.1209849098645,11.244700682698554,13.58688406685161,17.023352354325255,16.387219759299473,26.40946605800869,19.983781664796044,33.90286140831052,32.39858173675044,21.64714211541421
73,39.1209849098645,11.244700682698554,13.58688406685161,17.023352354325255,16.387219759299473,26.40946605800869,19.983781664796044,33.90286140831052,32.39858173675044,21.64714211541421
74,39.1209849098645,11.244700682698554,13.58688406685161,17.023352354325255,16.387219759299473,26.40946605800869,19.983781664796044,33.90286140831052,32.39858173675044,21.64714211541421
75,39.1209849098645,11.244700682698554,13.58688406685161,17.023352354325255,16.387219759299473,26.40946605800869,19.983781664796044,33.90286140831052,32.39858173675044,21.64714211541421
76,39.1209849098645,11.244700682698554,13.58688406685161,17.023352354325255,16.387219759299473,26.40946605800869,19.983781664796044,33.90286140831052,32.39858173675044,21.64714211541421
77,39.1209849098645,11.244700682698554,13.58688406685161,17.023352354325255,16.387219759299473,26.40946605800869,19.983781664796044,33.90286140831052,32.39858173675044,21.64714211541421
78,39.1209849098645,11.244700682698554,28.443531812200504,17.023352354325255,16.387219759299473,26.40946605800869,19.983781664796044,33.90286140831052,32.39858173675044,21.64714211541421
79,39.1209849098645,11.244700682698554,28.443531812200504,17.023352354325255,16.387219759299473,26.40946605800869,19.983781664796044,33.90286140831052,32.39858173675044,21.64714211541421
80,39.1209849098645,35.5314467057694,28.443531812200504,17.023352354325255,16.387219759299473,26.40946605800869,19.983781664796044,33.90286140831052,32.39858173675044,21.64714211541421
81,39.1209849098645,35.5314467057694,28.443531812200504,21.927380858969684,16.387219759299473,26.40946605800869,19.983781664796044,33.90286140831052,17.25795595919383,21.64714211541421
82,39.1209849098645,35.5314467057694,28.443531812200504,21.927380858969684,16.387219759299473,26.40946605800869,19.983781664796044,33.90286140831052,17.25795595919383,21.64714211541421
83,39.1209849098645,35.5314467057694,28.443531812200504,21.927380858969684,16.387219759299473,26.40946605800869,19.983781664796044,33.90286140831052,17.25795595919383,21.64714211541421
84,39.1209849098645,35.5314467057694,28.443531812200504,21.927380858969684,16.387219759299473,26.40946605800869,19.983781664796044,33.90286140831052,17.25795595919383,21.64714211541421
85,39.1209849098645,35.5314467057694,28.443531812200504,21.927380858969684,16.387219759299473,26.40946605800869,19.983781664796044,33.90286140831052,17.25795595919383,21.64714211541421
86,39.1209849098645,35.5314467057694,28.443531812200504,21.927380858969684,20.89721410509383,26.40946605800869,19.983781664796044,33.90286140831052,17.25795595919383,21.64714211541421
87,39.1209849098645,35.5314467057694,28.443531812200504,21.927380858969684,20.89721410509383,26.40946605800869,19.983781664796044,33.90286140831052,17.25795595919383,21.64714211541421
88,39.1209849098645,35.5314467057694,28.443531812200504,21.927380858969684,20.89721410509383,11.280829235405681,19.983781664796044,33.90286140831052,17.25795595919383,28.227253226776444
89,39.1209849098645,35.5314467057694,28.443531812200504,21.927380858969684,20.89721410509383,34.58574643885527,19.983781664796044,33.90286140831052,17.25795595919383,28.227253226776444
90,39.1209849098645,35.5314467057694,28.443531812200504,21.927380858969684,20.89721410509383,34.58574643885527,19.983781664796044,33.90286140831052,17.25795595919383,28.227253226776444
91,39.1209849098645,35.5314467057694,28.443531812200504,21.927380858969684,20.89721410509383,34.58574643885527,19.983781664796044,33.90286140831052,17.25795595919383,28.227253226776444
92,39.1209849098645,24.28674602307084,28.443531812200504,21.927380858969684,20.89721410509383,34.58574643885527,19.983781664796044,33.90286140831052,17.25795595919383,28.227253226776444
93,39.1209849098645,24.28674602307084,28.443531812200504,21.927380858969684,20.89721410509383,34.58574643885527,19.983781664796044,33.90286140831052,35.31211744214979,28.227253226776444
94,39.1209849098645,24.28674602307084,28.443531812200504,21.927380858969684,20.89721410509383,34.58574643885527,19.983781664796044,33.90286140831052,35.31211744214979,28.227253226776444
95,39.1209849098645,24.28674602307084,28.443531812200504,21.927380858969684,20.89721410509383,34.58574643885527,19.983781664796044,33.90286140831052,35.31211744214979,28.227253226776444
96,29.139083571007763,24.28674602307084,28.443531812200504,21.927380858969684,20.89721410509383,34.58574643885527,30.28344430096807,33.90286140831052,35.31211744214979,28.227253226776444
97,29.139083571007763,24.28674602307084,28.443531812200504,21.927380858969684,20.89721410509383,34.58574643885527,30.28344430096807,30.032365016173173,35.31211744214979,28.227253226776444
98,29.139083571007763,24.28674602307084,28.443531812200504,21.927380858969684,20.89721410509383,34.58574643885527,30.28344430096807,30.032365016173173,35.31211744214979,28.227253226776444
99,29.139083571007763,24.28674602307084,28.443531812200504,21.927380858969684,20.89721410509383,34.58574643885527,30.28344430096807,30.032365016173173,35.31211744214979,28.227253226776444
100,19.348140157049354,24.28674602307084,28.443531812200504,21.927380858969684,20.89721410509383,34.58574643885527,30.28344430096807,30.032365016173173,35.31211744214979,28.227253226776444
101,19.348140157049354,24.28674602307084,28.443531812200504,21.927380858969684,20.89721410509383,34.58574643885527,30.28344430096807,30.032365016173173,35.31211744214979,28.227253226776444
102,19.348140157049354,24.28674602307084,28.443531812200504,21.927380858969684,20.89721410509383,34.58574643885527,30.28344430096807,30.032365016173173,35.31211744214979,28.227253226776444
103,50.741370658672466,24.28674602307084,28.443531812200504,21.927380858969684,20.89721410509383,34.58574643885527,30.28344430096807,30.032365016173173,35.31211744214979,28.227253226776444
104,50.741370658672466,23.098532327554764,28.443531812200504,21.927380858969684,49.505976842555995,34.58574643885527,30.28344430096807,30.032365016173173,35.31211744214979,28.227253226776444
105,50.741370658672466,23.098532327554764,28.443531812200504,21.927380858969684,49.505976842555995,34.58574643885527,30.28344430096807,30.032365016173173,35.31211744214979,28.227253226776444
106,50.741370658672466,23.098532327554764,29.059329070002065,21.927380858969684,49.505976842555995,34.58574643885527,30.28344430096807,30.032365016173173,35.31211744214979,28.227253226776444
107,50.741370658672466,23.098532327554764,29.059329070002065,38.311637357407086,49.505976842555995,34.58574643885527,30.28344430096807,30.032365016173173,35.31211744214979,28.227253226776444
108,50.741370658672466,23.098532327554764,29.059329070002065,33.634017436884335,49.505976842555995,34.58574643885527,30.28344430096807,30.032365016173173,35.31211744214979,28.227253226776444
109,50.741370658672466,23.098532327554764,29.059329070002065,33.634017436884335,49.505976842555995,34.58574643885527,30.28344430096807,30.032365016173173,35.31211744214979,28.227253226776444
110,50.741370658672466,23.098532327554764,29.059329070002065,33.634017436884335,49.505976842555995,34.58574643885527,30.28344430096807,30.032365016173173,35.31211744214979,28.227253226776444
111,50.741370658672466,23.098532327554764,29.059329070002065,33.634017436884335,49.505976842555995,34.58574643885527,30.28344430096807,30.032365016173173,49.46211744214979,28.227253226776444
112,50.741370658672466,23.098532327554764,29.059329070002065,33.634017436884335,49.505976842555995,34.58574643885527,30.28344430096807,30.032365016173173,49.46211744214979,28.227253226776444
113,50.741370658672466,23.098532327554764,29.059329070002065,33.634017436884335,49.505976842555995,34.58574643885527,30.28344430096807,30.032365016173173,49.46211744214979,28.227253226776444
114,50.741370658672466,50.270540865036416,29.059329070002065,33.634017436884335,49.505976842555995,34.58574643885527,30.28344430096807,30.032365016173173,49.46211744214979,28.227253226776444
115,50.741370658672466,50.270540865036416,29.059329070002065,33.634017436884335,49.505976842555995,34.58574643885527,30.28344430096807,30.032365016173173,49.46211744214979,28.227253226776444
116,50.741370658672466,50.270540865036416,29.059329070002065,33.634017436884335,49.505976842555995,34.58574643885527,30.28344430096807,30.032365016173173,49.46211744214979,28.227253226776444
117,50.741370658672466,50.270540865036416,29.059329070002065,33.634017436884335,49.505976842555995,34.58574643885527,30.28344430096807,30.032365016173173,49.46211744214979,28.227253226776444
118,50.741370658672466,50.270540865036416,29.059329070002065,33.634017436884335,49.505976842555995,34.58574643885527,30.28344430096807,30.032365016173173,49.46211744214979,28.227253226776444
119,50.741370658672466,50.270540865036416,29.059329070002065,33.634017436884335,28.60876273746217,34.58574643885527,30.28344430096807,30.032365016173173,49.46211744214979,47.2424610679783
120,50.741370658672466,50.270540865036416,29.059329070002065,33.634017436884335,28.60876273746217,34.58574643885527,30.28344430096807,30.032365016173173,49.46211744214979,47.2424610679783
121,50.741370658672466,50.270540865036416,29.059329070002065,33.634017436884335,28.60876273746217,23.304917203449588,30.28344430096807,30.032365016173173,49.46211744214979,47.2424610679783
122,50.741370658672466,50.270540865036416,29.059329070002065,33.634017436884335,28.60876273746217,23.304917203449588,30.28344430096807,30.032365016173173,49.46211744214979,47.2424610679783
123,50.741370658672466,50.270540865036416,29.059329070002065,33.634017436884335,28.60876273746217,28.943869317835716,30.28344430096807,30.032365016173173,49.46211744214979,47.2424610679783
124,50.741370658672466,50.270540865036416,29.059329070002065,33.634017436884335,28.60876273746217,28.943869317835716,30.28344430096807,30.032365016173173,31.407955959193828,47.2424610679783
125,50.741370658672466,50.270540865036416,29.059329070002065,33.634017436884335,28.60876273746217,28.943869317835716,30.28344430096807,30.032365016173173,31.407955959193828,47.2424610679783
126,50.741370658672466,50.270540865036416,29.059329070002065,33.634017436884335,28.60876273746217,28.943869317835716,30.28344430096807,29.98094675292361,31.407955959193828,47.2424610679783
127,50.741370658672466,50.270540865036416,29.059329070002065,33.634017436884335,28.60876273746217,28.943869317835716,30.28344430096807,29.98094675292361,31.407955959193828,47.2424610679783
128,50.741370658672466,50.270540865036416,29.059329070002065,33.634017436884335,28.60876273746217,28.943869317835716,30.28344430096807,29.98094675292361,31.407955959193828,47.2424610679783
129,50.741370658672466,50.270540865036416,29.059329070002065,33.634017436884335,57.505909636866086,28.943869317835716,47.79023683882589,29.98094675292361,31.407955959193828,47.2424610679783
130,50.741370658672466,50.270540865036416,29.059329070002065,33.634017436884335,57.505909636866086,28.943869317835716,47.79023683882589,29.98094675292361,31.407955959193828,47.2424610679783
131,50.741370658672466,50.270540865036416,29.059329070002065,33.634017436884335,57.505909636866086,28.943869317835716,47.79023683882589,29.98094675292361,31.407955959193828,47.2424610679783
132,50.741370658672466,50.270540865036416,29.059329070002065,33.634017436884335,57.505909636866086,28.943869317835716,47.79023683882589,29.98094675292361,31.407955959193828,47.2424610679783
133,50.741370658672466,50.270540865036416,29.059329070002065,33.634017436884335,57.505909636866086,28.943869317835716,47.79023683882589,29.98094675292361,31.407955959193828,47.2424610679783
134,31.393230501623115,50.270540865036416,29.059329070002065,33.634017436884335,57.505909636866086,28.943869317835716,47.79023683882589,29.98094675292361,31.407955959193828,47.2424610679783
135,31.393230501623115,50.270540865036416,29.059329070002065,33.634017436884335,57.505909636866086,28.943869317835716,47.79023683882589,29.98094675292361,31.407955959193828,47.2424610679783
136,31.393230501623115,50.270540865036416,29.059329070002065,33.634017436884335,57.505909636866086,28.943869317835716,47.79023683882589,29.98094675292361,32.99905449116695,47.2424610679783
137,47.56936211688324,50.270540865036416,29.059329070002065,33.634017436884335,57.505909636866086,28.943869317835716,47.79023683882589,29.98094675292361,32.99905449116695,47.2424610679783
138,47.56936211688324,50.270540865036416,29.059329070002065,33.634017436884335,57.505909636866086,28.943869317835716,47.79023683882589,29.98094675292361,32.99905449116695,47.2424610679783
139,47.56936211688324,50.270540865036416,29.059329070002065,33.634017436884335,57.505909636866086,28.943869317835716,47.79023683882589,29.98094675292361,32.99905449116695,47.2424610679783
140,47.56936211688324,30.377477538052634,29.059329070002065,33.634017436884335,57.505909636866086,28.943869317835716,47.79023683882589,29.98094675292361,32.99905449116695,47.2424610679783
141,47.56936211688324,30.377477538052634,29.059329070002065,33.634017436884335,57.505909636866086,28.943869317835716,47.79023683882589,29.98094675292361,32.99905449116695,47.2424610679783
142,47.56936211688324,30.377477538052634,29.059329070002065,33.634017436884335,57.505909636866086,28.943869317835716,47.79023683882589,29.98094675292361,32.99905449116695,47.2424610679783
143,47.56936211688324,30.377477538052634,29.059329070002065,33.634017436884335,57.505909636866086,28.943869317835716,47.79023683882589,29.98094675292361,32.99905449116695,47.2424610679783
144,47.56936211688324,34.32243705528385,29.059329070002065,33.634017436884335,28.89714689940391,28.943869317835716,47.79023683882589,29.98094675292361,32.99905449116695,47.2424610679783
145,47.56936211688324,34.32243705528385,29.059329070002065,33.634017436884335,40.62525981240271,28.943869317835716,47.79023683882589,29.98094675292361,32.99905449116695,47.2424610679783
146,47.56936211688324,34.32243705528385,29.059329070002065,33.634017436884335,40.62525981240271,28.943869317835716,47.79023683882589,29.98094675292361,32.99905449116695,47.2424610679783
147,47.56936211688324,34.32243705528385,37.681228282573194,33.634017436884335,40.62525981240271,28.943869317835716,47.79023683882589,29.98094675292361,32.99905449116695,47.2424610679783
148,47.56936211688324,34.32243705528385,37.681228282573194,43.861553394199134,40.62525981240271,28.943869317835716,47.79023683882589,29.98094675292361,32.99905449116695,47.2424610679783
149,47.56936211688324,34.32243705528385,37.681228282573194,43.861553394199134,40.62525981240271,28.943869317835716,47.79023683882589,29.98094675292361,32.99905449116695,47.2424610679783
150,47.56936211688324,34.32243705528385,37.681228282573194,43.861553394199134,40.62525981240271,28.943869317835716,47.79023683882589,29.98094675292361,32.99905449116695,47.2424610679783
151,47.56936211688324,34.32243705528385,37.681228282573194,43.861553394199134,40.62525981240271,36.096518146687046,47.79023683882589,29.98094675292361,32.99905449116695,47.2424610679783
152,47.56936211688324,34.32243705528385,37.681228282573194,43.861553394199134,40.62525981240271,36.096518146687046,47.79023683882589,29.98094675292361,32.99905449116695,47.2424610679783
153,47.56936211688324,34.32243705528385,37.681228282573194,43.861553394199134,40.62525981240271,36.096518146687046,47.79023683882589,29.98094675292361,32.99905449116695,47.2424610679783
154,47.56936211688324,34.32243705528385,37.681228282573194,43.861553394199134,40.62525981240271,36.096518146687046,47.79023683882589,29.98094675292361,32.99905449116695,47.2424610679783
155,47.56936211688324,34.32243705528385,37.681228282573194,43.861553394199134,40.62525981240271,36.096518146687046,47.79023683882589,29.98094675292361,32.99905449116695,47.2424610679783
156,47.56936211688324,34.32243705528385,37.681228282573194,43.861553394199134,40.62525981240271,36.096518146687046,47.79023683882589,29.98094675292361,32.99905449116695,47.2424610679783
157,47.56936211688324,34.32243705528385,37.681228282573194,43.861553394199134,40.62525981240271,36.096518146687046,47.79023683882589,29.98094675292361,32.99905449116695,47.2424610679783
158,47.56936211688324,39.664002198270026,37.681228282573194,43.861553394199134,40.62525981240271,36.096518146687046,47.79023683882589,29.98094675292361,32.99905449116695,31.604268951423762
159,47.56936211688324,39.664002198270026,37.681228282573194,43.861553394199134,40.62525981240271,36.096518146687046,47.79023683882589,29.98094675292361,32.99905449116695,31.604268951423762
160,47.56936211688324,39.664002198270026,37.681228282573194,43.861553394199134,40.62525981240271,36.096518146687046,47.79023683882589,29.98094675292361,32.99905449116695,31.604268951423762
161,47.56936211688324,39.664002198270026,37.681228282573194,43.861553394199134,40.62525981240271,36.096518146687046,47.79023683882589,29.98094675292361,32.99905449116695,31.604268951423762
162,47.56936211688324,39.664002198270026,37.681228282573194,43.861553394199134,40.62525981240271,7.152648828851338,47.79023683882589,34.17326449365514,32.99905449116695,31.604268951423762
163,47.56936211688324,39.664002198270026,37.681228282573194,43.861553394199134,40.62525981240271,31.150888311640042,47.79023683882589,43.002058969893,32.99905449116695,40.95245301066836
164,47.56936211688324,39.664002198270026,37.681228282573194,43.861553394199134,40.62525981240271,31.150888311640042,47.79023683882589,43.002058969893,32.99905449116695,40.95245301066836
165,47.56936211688324,39.664002198270026,37.681228282573194,43.861553394199134,40.62525981240271,31.150888311640042,47.79023683882589,43.002058969893,32.99905449116695,40.95245301066836
166,47.56936211688324,39.664002198270026,37.681228282573194,43.861553394199134,36.602350091219535,31.150888311640042,36.057936552622955,43.002058969893,32.99905449116695,40.95245301066836
167,47.56936211688324,39.664002198270026,37.681228282573194,43.861553394199134,36.602350091219535,31.150888311640042,36.057936552622955,43.002058969893,32.99905449116695,40.95245301066836
168,47.56936211688324,39.664002198270026,37.681228282573194,43.861553394199134,36.602350091219535,31.150888311640042,36.057936552622955,43.002058969893,32.99905449116695,40.95245301066836
169,47.56936211688324,39.664002198270026,37.681228282573194,43.861553394199134,36.602350091219535,31.150888311640042,36.057936552622955,43.002058969893,32.99905449116695,40.95245301066836
170,47.56936211688324,39.664002198270026,37.681228282573194,43.861553394199134,36.602350091219535,31.150888311640042,47.70747952011639,43.002058969893,32.99905449116695,40.95245301066836
171,47.56936211688324,39.664002198270026,37.681228282573194,43.861553394199134,36.602350091219535,31.150888311640042,47.70747952011639,43.002058969893,46.95643194824583,40.95245301066836
172,47.56936211688324,39.664002198270026,37.681228282573194,43.861553394199134,36.602350091219535,31.150888311640042,47.70747952011639,43.002058969893,46.95643194824583,40.95245301066836
173,47.56936211688324,39.664002198270026,37.681228282573194,43.861553394199134,36.602350091219535,31.150888311640042,47.70747952011639,43.002058969893,46.95643194824583,40.95245301066836
174,47.56936211688324,39.664002198270026,37.681228282573194,43.861553394199134,36.602350091219535,31.150888311640042,47.70747952011639,43.002058969893,46.95643194824583,40.95245301066836
175,30.401556572586372,39.664002198270026,37.681228282573194,43.861553394199134,36.602350091219535,31.150888311640042,47.70747952011639,43.002058969893,46.95643194824583,40.95245301066836
176,30.401556572586372,39.664002198270026,37.681228282573194,43.861553394199134,36.602350091219535,31.150888311640042,47.70747952011639,43.002058969893,46.95643194824583,40.95245301066836
177,30.401556572586372,39.664002198270026,37.681228282573194,43.861553394199134,36.602350091219535,31.150888311640042,47.70747952011639,43.002058969893,46.95643194824583,40.95245301066836
178,46.93634043410273,32.51357368046782,37.681228282573194,36.708904565347794,36.602350091219535,55.97091194936086,47.70747952011639,43.002058969893,46.95643194824583,40.95245301066836
179,46.93634043410273,32.51357368046782,37.681228282573194,36.708904565347794,36.602350091219535,55.97091194936086,47.70747952011639,43.002058969893,46.95643194824583,40.95245301066836
180,46.93634043410273,32.51357368046782,37.681228282573194,36.708904565347794,36.602350091219535,55.97091194936086,47.70747952011639,43.002058969893,46.95643194824583,40.95245301066836
181,46.93634043410273,32.51357368046782,13.120926531809724,14.10440862335442,36.602350091219535,55.97091194936086,47.70747952011639,43.002058969893,46.95643194824583,40.95245301066836
182,46.93634043410273,32.51357368046782,13.120926531809724,14.10440862335442,36.602350091219535,55.97091194936086,47.70747952011639,43.002058969893,46.95643194824583,40.95245301066836
183,46.93634043410273,32.51357368046782,13.120926531809724,14.10440862335442,36.602350091219535,55.97091194936086,47.70747952011639,43.002058969893,46.95643194824583,40.95245301066836
184,46.93634043410273,32.51357368046782,13.120926531809724,9.204129012708307,36.602350091219535,55.97091194936086,47.70747952011639,43.002058969893,46.95643194824583,40.95245301066836
185,46.93634043410273,32.51357368046782,13.120926531809724,9.204129012708307,36.602350091219535,55.97091194936086,47.70747952011639,43.002058969893,46.95643194824583,40.95245301066836
186,46.93634043410273,32.51357368046782,13.120926531809724,9.204129012708307,36.602350091219535,55.97091194936086,47.70747952011639,43.002058969893,46.95643194824583,40.95245301066836
187,46.93634043410273,32.51357368046782,13.120926531809724,9.204129012708307,36.602350091219535,55.97091194936086,47.70747952011639,43.002058969893,46.95643194824583,40.95245301066836
188,46.93634043410273,32.51357368046782,13.120926531809724,9.204129012708307,36.602350091219535,55.97091194936086,47.70747952011639,43.002058969893,46.95643194824583,40.95245301066836
189,46.93634043410273,32.51357368046782,60.803157916562995,56.110457226514306,36.602350091219535,55.97091194936086,47.70747952011639,43.002058969893,46.95643194824583,40.95245301066836
190,46.93634043410273,32.51357368046782,60.803157916562995,56.110457226514306,36.602350091219535,55.97091194936086,47.70747952011639,43.002058969893,46.95643194824583,40.95245301066836
191,46.93634043410273,32.51357368046782,60.803157916562995,56.110457226514306,36.602350091219535,55.97091194936086,47.70747952011639,43.002058969893,46.95643194824583,40.95245301066836
192,46.93634043410273,32.51357368046782,60.803157916562995,56.110457226514306,36.602350091219535,55.97091194936086,47.70747952011639,43.002058969893,46.95643194824583,40.95245301066836
193,46.93634043410273,32.51357368046782,60.803157916562995,56.110457226514306,36.602350091219535,55.97091194936086,47.70747952011639,43.002058969893,46.95643194824583,40.95245301066836
194,46.93634043410273,32.51357368046782,60.803157916562995,56.110457226514306,36.602350091219535,55.97091194936086,47.70747952011639,43.002058969893,46.95643194824583,40.95245301066836
195,46.93634043410273,32.51357368046782,60.803157916562995,56.110457226514306,36.602350091219535,55.97091194936086,47.70747952011639,43.002058969893,46.95643194824583,40.95245301066836
196,46.93634043410273,32.51357368046782,60.803157916562995,56.110457226514306,36.602350091219535,55.97091194936086,47.70747952011639,43.002058969893,46.95643194824583,40.95245301066836
197,46.93634043410273,32.51357368046782,60.803157916562995,56.110457226514306,36.602350091219535,55.97091194936086,47.70747952011639,43.002058969893,46.95643194824583,40.95245301066836
198,46.93634043410273,32.51357368046782,60.803157916562995,56.110457226514306,36.602350091219535,55.97091194936086,47.70747952011639,43.002058969893,46.95643194824583,40.95245301066836
199,46.93634043410273,32.51357368046782,60.803157916562995,56.110457226514306,36.602350091219535,55.97091194936086,47.70747952011639,43.002058969893,46.95643194824583,40.95245301066836
200,46.93634043410273,43.22629081844722,60.803157916562995,56.110457226514306,36.602350091219535,55.97091194936086,47.70747952011639,43.002058969893,46.95643194824583,40.95245301066836
201,46.93634043410273,43.22629081844722,60.803157916562995,56.110457226514306,36.602350091219535,55.97091194936086,47.70747952011639,43.002058969893,46.95643194824583,40.95245301066836
202,46.93634043410273,43.76458535930384,60.803157916562995,56.110457226514306,36.602350091219535,55.97091194936086,47.70747952011639,43.002058969893,46.95643194824583,40.95245301066836
203,46.93634043410273,43.76458535930384,60.803157916562995,56.110457226514306,36.602350091219535,55.97091194936086,47.70747952011639,38.80974122916148,46.95643194824583,40.95245301066836
204,46.93634043410273,43.76458535930384,43.01842847840915,56.110457226514306,36.602350091219535,55.97091194936086,47.70747952011639,38.80974122916148,46.95643194824583,40.95245301066836
205,46.93634043410273,43.76458535930384,43.01842847840915,56.110457226514306,36.602350091219535,55.97091194936086,62.376214540831214,60.95228290619557,46.95643194824583,54.90077512698251
206,46.93634043410273,43.76458535930384,43.01842847840915,56.110457226514306,36.602350091219535,46.52483630658934,62.376214540831214,43.192790495148046,46.95643194824583,54.90077512698251
207,46.93634043410273,43.76458535930384,43.01842847840915,56.110457226514306,36.602350091219535,50.49040870698208,62.376214540831214,43.192790495148046,46.95643194824583,37.138846630445926
208,46.93634043410273,43.76458535930384,43.01842847840915,56.110457226514306,36.602350091219535,50.49040870698208,62.376214540831214,43.192790495148046,46.95643194824583,38.61120763799697
209,46.93634043410273,43.76458535930384,43.01842847840915,56.110457226514306,36.602350091219535,50.49040870698208,62.376214540831214,43.192790495148046,46.95643194824583,38.61120763799697
210,46.93634043410273,43.76458535930384,43.01842847840915,56.110457226514306,36.602350091219535,50.49040870698208,62.376214540831214,43.192790495148046,46.95643194824583,38.61120763799697
211,46.93634043410273,43.76458535930384,43.01842847840915,56.110457226514306,45.938489392991265,50.49040870698208,62.376214540831214,43.192790495148046,46.95643194824583,38.61120763799697
212,46.93634043410273,43.76458535930384,43.01842847840915,56.110457226514306,38.33418630690267,50.49040870698208,62.376214540831214,43.192790495148046,46.95643194824583,38.61120763799697
213,46.93634043410273,43.76458535930384,43.01842847840915,56.110457226514306,38.33418630690267,50.49040870698208,62.376214540831214,43.192790495148046,46.95643194824583,38.61120763799697
214,46.93634043410273,43.76458535930384,43.01842847840915,56.110457226514306,38.33418630690267,50.49040870698208,62.376214540831214,43.192790495148046,46.95643194824583,38.61120763799697
215,46.93634043410273,43.76458535930384,43.01842847840915,56.110457226514306,56.20767688611983,50.49040870698208,62.376214540831214,43.192790495148046,46.95643194824583,38.61120763799697
216,46.93634043410273,43.76458535930384,43.01842847840915,56.110457226514306,56.20767688611983,50.49040870698208,62.376214540831214,43.192790495148046,46.95643194824583,38.61120763799697
217,46.93634043410273,43.76458535930384,43.01842847840915,56.110457226514306,56.20767688611983,50.49040870698208,62.376214540831214,43.192790495148046,46.95643194824583,38.61120763799697
218,46.93634043410273,43.76458535930384,43.01842847840915,56.110457226514306,56.20767688611983,50.49040870698208,62.376214540831214,43.192790495148046,46.95643194824583,38.61120763799697
219,46.93634043410273,43.76458535930384,13.120926531809724,56.110457226514306,56.20767688611983,50.49040870698208,69.16107458995728,43.192790495148046,46.95643194824583,38.61120763799697
220,46.93634043410273,43.76458535930384,56.297423494619466,56.110457226514306,56.20767688611983,50.49040870698208,69.16107458995728,43.192790495148046,46.95643194824583,38.61120763799697
221,46.93634043410273,43.76458535930384,56.297423494619466,48.395285774314736,56.20767688611983,50.49040870698208,69.16107458995728,43.192790495148046,46.95643194824583,38.61120763799697
222,64.19215031636334,43.76458535930384,56.297423494619466,27.39923803324251,56.20767688611983,50.49040870698208,69.16107458995728,43.192790495148046,46.95643194824583,38.61120763799697
223,43.18734124390013,43.76458535930384,56.297423494619466,38.11380543042952,56.20767688611983,50.49040870698208,69.16107458995728,43.192790495148046,25.945757651157002,38.61120763799697
224,43.18734124390013,43.76458535930384,56.297423494619466,38.11380543042952,56.20767688611983,50.49040870698208,69.16107458995728,43.192790495148046,36.661881064941525,38.61120763799697
225,43.18734124390013,43.76458535930384,56.297423494619466,38.11380543042952,56.20767688611983,50.49040870698208,69.16107458995728,43.192790495148046,47.36780293605374,38.61120763799697
226,43.18734124390013,43.76458535930384,56.297423494619466,38.11380543042952,56.20767688611983,50.49040870698208,69.16107458995728,43.192790495148046,47.36780293605374,38.61120763799697
227,43.18734124390013,43.76458535930384,56.297423494619466,38.11380543042952,56.20767688611983,50.49040870698208,69.16107458995728,43.192790495148046,47.36780293605374,38.61120763799697
228,43.18734124390013,43.76458535930384,56.297423494619466,38.11380543042952,56.20767688611983,50.49040870698208,69.16107458995728,43.192790495148046,47.36780293605374,38.61120763799697
229,43.18734124390013,43.76458535930384,56.297423494619466,38.11380543042952,56.20767688611983,50.49040870698208,69.16107458995728,43.192790495148046,47.36780293605374,38.61120763799697
230,43.18734124390013,43.76458535930384,56.297423494619466,38.11380543042952,56.20767688611983,50.49040870698208,69.16107458995728,43.192790495148046,47.36780293605374,38.61120763799697
231,43.18734124390013,43.76458535930384,56.297423494619466,38.11380543042952,56.20767688611983,50.49040870698208,69.16107458995728,43.192790495148046,47.36780293605374,38.61120763799697
232,43.18734124390013,43.76458535930384,56.297423494619466,38.11380543042952,56.20767688611983,50.49040870698208,69.16107458995728,43.192790495148046,47.36780293605374,38.61120763799697
233,43.18734124390013,43.76458535930384,43.176496962809736,38.11380543042952,56.20767688611983,50.49040870698208,69.16107458995728,43.192790495148046,47.36780293605374,38.61120763799697
234,43.18734124390013,43.76458535930384,43.176496962809736,38.11380543042952,56.20767688611983,61.33257134936851,69.16107458995728,43.192790495148046,47.36780293605374,38.61120763799697
235,43.18734124390013,43.76458535930384,43.176496962809736,39.49519561646494,56.20767688611983,61.33257134936851,69.16107458995728,43.192790495148046,47.36780293605374,38.61120763799697
236,43.18734124390013,43.76458535930384,43.176496962809736,39.49519561646494,56.20767688611983,61.33257134936851,69.16107458995728,43.192790495148046,47.36780293605374,38.61120763799697
237,43.18734124390013,43.76458535930384,43.176496962809736,39.49519561646494,56.20767688611983,61.33257134936851,69.16107458995728,43.192790495148046,47.36780293605374,38.61120763799697
238,43.18734124390013,43.76458535930384,43.176496962809736,39.49519561646494,56.20767688611983,61.33257134936851,69.16107458995728,43.192790495148046,47.36780293605374,38.61120763799697
239,43.18734124390013,43.76458535930384,43.176496962809736,39.49519561646494,56.20767688611983,61.33257134936851,69.16107458995728,43.192790495148046,47.36780293605374,38.61120763799697
240,43.18734124390013,43.76458535930384,43.176496962809736,39.49519561646494,56.20767688611983,61.33257134936851,69.16107458995728,43.192790495148046,47.36780293605374,38.61120763799697
241,43.18734124390013,43.76458535930384,43.176496962809736,39.49519561646494,56.20767688611983,61.33257134936851,69.16107458995728,43.192790495148046,47.36780293605374,38.61120763799697
242,43.18734124390013,43.76458535930384,43.176496962809736,39.49519561646494,56.20767688611983,61.33257134936851,69.16107458995728,43.192790495148046,47.36780293605374,38.61120763799697
243,43.18734124390013,43.76458535930384,43.176496962809736,39.49519561646494,56.20767688611983,61.33257134936851,69.16107458995728,43.192790495148046,47.36780293605374,52.447945293505725
244,43.18734124390013,43.76458535930384,43.176496962809736,39.49519561646494,56.20767688611983,61.33257134936851,69.16107458995728,43.192790495148046,47.36780293605374,52.447945293505725
245,43.18734124390013,43.76458535930384,43.176496962809736,39.49519561646494,56.20767688611983,61.33257134936851,69.16107458995728,43.192790495148046,47.36780293605374,52.447945293505725
246,43.18734124390013,43.76458535930384,43.176496962809736,39.49519561646494,56.20767688611983,61.33257134936851,69.16107458995728,43.192790495148046,47.36780293605374,52.447945293505725
247,43.18734124390013,43.76458535930384,43.176496962809736,39.49519561646494,56.20767688611983,61.33257134936851,69.16107458995728,43.192790495148046,47.36780293605374,52.447945293505725
248,43.18734124390013,43.76458535930384,43.176496962809736,39.49519561646494,56.20767688611983,61.33257134936851,69.16107458995728,43.192790495148046,47.36780293605374,52.447945293505725
249,43.18734124390013,43.76458535930384,43.176496962809736,39.49519561646494,56.20767688611983,61.33257134936851,69.16107458995728,43.192790495148046,47.36780293605374,52.447945293505725
250,43.18734124390013,43.76458535930384,43.176496962809736,39.49519561646494,56.20767688611983,61.33257134936851,69.16107458995728,43.192790495148046,47.36780293605374,52.447945293505725
251,43.18734124390013,43.76458535930384,43.176496962809736,39.49519561646494,56.20767688611983,61.33257134936851,69.16107458995728,43.192790495148046,47.36780293605374,52.447945293505725
252,43.18734124390013,43.76458535930384,43.176496962809736,39.49519561646494,56.20767688611983,61.33257134936851,69.16107458995728,43.192790495148046,47.36780293605374,52.447945293505725
253,43.18734124390013,43.76458535930384,43.176496962809736,39.49519561646494,56.20767688611983,61.33257134936851,69.16107458995728,43.192790495148046,47.36780293605374,41.73522815552632
254,32.47184179018216,33.05186822132443,32.46223922066701,28.780628219277933,56.20767688611983,61.33257134936851,69.16107458995728,32.47666708136352,36.65167952226922,41.73522815552632
255,32.47184179018216,17.954884786529057,32.46223922066701,28.780628219277933,56.20767688611983,61.33257134936851,36.68923279977511,32.47666708136352,36.65167952226922,41.73522815552632
256,32.47184179018216,17.954884786529057,0.0,28.780628219277933,56.20767688611983,61.33257134936851,36.68923279977511,0.0,36.65167952226922,41.73522815552632
257,32.47184179018216,17.954884786529057,0.0,28.780628219277933,56.20767688611983,61.33257134936851,36.68923279977511,0.0,36.65167952226922,13.836737655508752
258,0.0,17.954884786529057,0.0,28.780628219277933,56.20767688611983,61.33257134936851,36.68923279977511,0.0,36.65167952226922,13.836737655508752
259,0.0,0.0,0.0,28.780628219277933,56.20767688611983,61.33257134936851,36.68923279977511,0.0,36.65167952226922,13.836737655508752
260,0.0,0.0,0.0,28.780628219277933,56.20767688611983,61.33257134936851,36.68923279977511,0.0,36.65167952226922,13.836737655508752
261,0.0,0.0,0.0,28.780628219277933,56.20767688611983,61.33257134936851,36.68923279977511,0.0,36.65167952226922,13.836737655508752
262,0.0,0.0,0.0,28.780628219277933,56.20767688611983,42.81483510895858,36.68923279977511,0.0,36.65167952226922,13.836737655508752
263,0.0,0.0,0.0,28.780628219277933,56.20767688611983,42.81483510895858,36.68923279977511,0.0,36.65167952226922,13.836737655508752
264,0.0,0.0,0.0,28.780628219277933,56.20767688611983,42.81483510895858,36.68923279977511,0.0,36.65167952226922,13.836737655508752
265,0.0,0.0,0.0,28.780628219277933,56.20767688611983,42.81483510895858,36.68923279977511,0.0,36.65167952226922,13.836737655508752
266,0.0,0.0,0.0,28.780628219277933,24.737722066033516,42.81483510895858,36.68923279977511,0.0,36.65167952226922,13.836737655508752
267,0.0,0.0,0.0,28.780628219277933,24.737722066033516,42.81483510895858,36.68923279977511,0.0,36.65167952226922,13.836737655508752
268,0.0,0.0,0.0,28.780628219277933,24.737722066033516,42.81483510895858,36.68923279977511,0.0,11.89277805424235,13.836737655508752
269,0.0,0.0,0.0,28.780628219277933,0.0,42.81483510895858,36.68923279977511,0.0,11.89277805424235,13.836737655508752
270,0.0,0.0,0.0,28.780628219277933,0.0,42.81483510895858,36.68923279977511,0.0,11.89277805424235,13.836737655508752
271,0.0,0.0,0.0,28.780628219277933,0.0,42.81483510895858,0.0,0.0,11.89277805424235,13.836737655508752
272,0.0,0.0,0.0,28.780628219277933,0.0,42.81483510895858,0.0,0.0,11.89277805424235,13.836737655508752
273,0.0,0.0,0.0,28.780628219277933,0.0,42.81483510895858,0.0,0.0,11.89277805424235,13.836737655508752
274,0.0,0.0,0.0,28.780628219277933,0.0,42.81483510895858,0.0,0.0,11.89277805424235,13.836737655508752
275,0.0,0.0,0.0,28.780628219277933,0.0,42.81483510895858,0.0,0.0,11.89277805424235,13.836737655508752
276,0.0,0.0,0.0,28.780628219277933,0.0,42.81483510895858,0.0,0.0,11.89277805424235,13.836737655508752
277,0.0,0.0,0.0,10.585519198743727,0.0,42.81483510895858,0.0,0.0,11.89277805424235,13.836737655508752
278,0.0,0.0,0.0,10.585519198743727,0.0,42.81483510895858,0.0,0.0,11.89277805424235,13.836737655508752
279,0.0,0.0,0.0,10.585519198743727,0.0,42.81483510895858,0.0,0.0,11.89277805424235,13.836737655508752
280,0.0,0.0,0.0,10.585519198743727,0.0,42.81483510895858,0.0,0.0,11.89277805424235,13.836737655508752
281,0.0,0.0,0.0,10.585519198743727,0.0,42.81483510895858,0.0,0.0,0.0,13.836737655508752
282,0.0,0.0,0.0,10.585519198743727,0.0,42.81483510895858,0.0,0.0,0.0,13.836737655508752
283,0.0,0.0,0.0,10.585519198743727,0.0,42.81483510895858,0.0,0.0,0.0,13.836737655508752
284,0.0,0.0,0.0,10.585519198743727,0.0,42.81483510895858,0.0,0.0,0.0,13.836737655508752
285,0.0,0.0,0.0,10.585519198743727,0.0,42.81483510895858,0.0,0.0,0.0,0.0
286,0.0,0.0,0.0,10.585519198743727,0.0,42.81483510895858,0.0,0.0,0.0,0.0
287,0.0,0.0,0.0,10.585519198743727,0.0,42.81483510895858,0.0,0.0,0.0,0.0
288,0.0,0.0,0.0,10.585519198743727,0.0,28.947136449375837,0.0,0.0,0.0,0.0
289,0.0,0.0,0.0,10.585519198743727,0.0,28.947136449375837,0.0,0.0,0.0,0.0
290,0.0,0.0,0.0,0.0,0.0,28.947136449375837,0.0,0.0,0.0,0.0
291,0.0,0.0,0.0,0.0,0.0,28.947136449375837,0.0,0.0,0.0,0.0
292,0.0,0.0,0.0,0.0,0.0,28.947136449375837,0.0,0.0,0.0,0.0
293,0.0,0.0,0.0,0.0,0.0,28.947136449375837,0.0,0.0,0.0,0.0
294,0.0,0.0,0.0,0.0,0.0,0.0,0.0,0.0,0.0,0.0
295,0.0,0.0,0.0,0.0,0.0,0.0,0.0,0.0,0.0,0.0
296,0.0,0.0,0.0,0.0,0.0,0.0,0.0,0.0,0.0,0.0
297,0.0,0.0,0.0,0.0,0.0,0.0,0.0,0.0,0.0,0.0
298,0.0,0.0,0.0,0.0,0.0,0.0,0.0,0.0,0.0,0.0
299,0.0,0.0,0.0,0.0,0.0,0.0,0.0,0.0,0.0,0.0
300,0.0,0.0,0.0,0.0,0.0,0.0,0.0,0.0,0.0,0.0
301,0.0,0.0,0.0,0.0,0.0,0.0,0.0,0.0,0.0,0.0
302,0.0,0.0,0.0,0.0,0.0,0.0,0.0,0.0,0.0,0.0
303,0.0,0.0,0.0,0.0,0.0,0.0,0.0,0.0,0.0,0.0
304,0.0,0.0,0.0,0.0,0.0,0.0,0.0,0.0,0.0,0.0
305,0.0,0.0,0.0,0.0,0.0,0.0,0.0,0.0,0.0,0.0
306,0.0,0.0,0.0,0.0,0.0,0.0,0.0,0.0,0.0,0.0
307,0.0,0.0,0.0,0.0,0.0,0.0,0.0,0.0,0.0,0.0
308,0.0,0.0,0.0,0.0,0.0,0.0,0.0,0.0,0.0,0.0
309,0.0,0.0,0.0,0.0,0.0,0.0,0.0,0.0,0.0,0.0
310,0.0,0.0,0.0,0.0,0.0,0.0,0.0,0.0,0.0,0.0
311,0.0,0.0,0.0,0.0,0.0,0.0,0.0,0.0,0.0,0.0
312,0.0,0.0,0.0,0.0,0.0,0.0,0.0,0.0,0.0,0.0
313,0.0,0.0,0.0,0.0,0.0,0.0,0.0,0.0,0.0,10.712717137979405
314,0.0,0.0,0.0,0.0,0.0,0.0,0.0,0.0,0.0,10.712717137979405
315,0.0,0.0,0.0,0.0,0.0,0.0,0.0,0.0,0.0,10.712717137979405
316,0.0,0.0,0.0,0.0,0.0,0.0,0.0,0.0,0.0,10.712717137979405
317,0.0,0.0,0.0,0.0,0.0,0.0,0.0,0.0,0.0,10.712717137979405
318,0.0,0.0,0.0,0.0,0.0,0.0,0.0,0.0,0.0,10.712717137979405
319,0.0,0.0,0.0,0.0,0.0,0.0,0.0,0.0,0.0,10.712717137979405
320,0.0,0.0,0.0,0.0,0.0,0.0,0.0,0.0,0.0,10.712717137979405
321,0.0,0.0,0.0,0.0,0.0,0.0,0.0,0.0,0.0,10.712717137979405
322,0.0,0.0,0.0,0.0,0.0,0.0,0.0,0.0,0.0,10.712717137979405
323,0.0,0.0,0.0,0.0,0.0,0.0,0.0,0.0,0.0,10.712717137979405
324,0.0,0.0,0.0,0.0,0.0,0.0,0.0,0.0,0.0,10.712717137979405
325,0.0,0.0,0.0,0.0,0.0,0.0,0.0,0.0,0.0,10.712717137979405
326,0.0,0.0,0.0,0.0,0.0,0.0,0.0,0.0,0.0,10.712717137979405
327,0.0,0.0,0.0,0.0,0.0,0.0,0.0,0.0,0.0,10.712717137979405
328,0.0,0.0,0.0,0.0,0.0,0.0,0.0,0.0,0.0,10.712717137979405
329,0.0,0.0,0.0,0.0,0.0,0.0,0.0,0.0,0.0,10.712717137979405
330,0.0,0.0,0.0,0.0,0.0,0.0,0.0,0.0,0.0,10.712717137979405
331,0.0,0.0,0.0,0.0,0.0,0.0,0.0,0.0,0.0,10.712717137979405
332,0.0,0.0,0.0,0.0,0.0,0.0,0.0,0.0,0.0,10.712717137979405
333,0.0,0.0,0.0,0.0,0.0,0.0,0.0,0.0,0.0,10.712717137979405
334,0.0,0.0,0.0,0.0,0.0,0.0,0.0,0.0,0.0,10.712717137979405
335,0.0,0.0,0.0,0.0,0.0,0.0,0.0,0.0,0.0,0.0
336,0.0,0.0,0.0,0.0,0.0,0.0,0.0,0.0,0.0,0.0
337,0.0,0.0,0.0,0.0,0.0,0.0,0.0,0.0,0.0,0.0
338,0.0,0.0,0.0,0.0,0.0,0.0,0.0,0.0,0.0,0.0
339,0.0,0.0,0.0,0.0,0.0,0.0,0.0,0.0,0.0,0.0
340,0.0,0.0,0.0,0.0,0.0,0.0,0.0,0.0,0.0,0.0
341,0.0,0.0,0.0,0.0,0.0,0.0,0.0,0.0,0.0,0.0
342,0.0,0.0,0.0,0.0,0.0,0.0,0.0,0.0,0.0,0.0
343,0.0,0.0,0.0,0.0,0.0,0.0,0.0,0.0,0.0,0.0
344,0.0,0.0,0.0,0.0,0.0,0.0,0.0,0.0,0.0,0.0
345,0.0,0.0,0.0,0.0,0.0,0.0,0.0,0.0,0.0,0.0
346,0.0,0.0,0.0,0.0,0.0,0.0,0.0,0.0,0.0,0.0
347,0.0,0.0,0.0,0.0,0.0,0.0,0.0,0.0,0.0,0.0
348,0.0,0.0,0.0,0.0,0.0,0.0,0.0,0.0,0.0,0.0
349,0.0,0.0,0.0,0.0,0.0,0.0,0.0,0.0,0.0,0.0
350,0.0,0.0,0.0,0.0,0.0,0.0,0.0,0.0,0.0,0.0
351,0.0,0.0,0.0,0.0,0.0,0.0,0.0,0.0,0.0,0.0
352,0.0,0.0,0.0,0.0,0.0,0.0,0.0,0.0,0.0,0.0
353,0.0,0.0,0.0,0.0,0.0,0.0,0.0,0.0,0.0,0.0
354,0.0,0.0,0.0,0.0,0.0,0.0,0.0,0.0,0.0,0.0
355,0.0,0.0,0.0,0.0,0.0,0.0,0.0,0.0,0.0,0.0
356,0.0,0.0,0.0,0.0,0.0,0.0,0.0,0.0,0.0,0.0
357,0.0,0.0,0.0,0.0,0.0,0.0,0.0,0.0,0.0,0.0
358,0.0,0.0,0.0,0.0,0.0,0.0,0.0,0.0,0.0,0.0
359,0.0,0.0,0.0,0.0,0.0,0.0,0.0,0.0,0.0,0.0
360,0.0,0.0,0.0,0.0,0.0,0.0,0.0,0.0,0.0,0.0
361,0.0,0.0,0.0,0.0,0.0,0.0,0.0,0.0,0.0,0.0
362,0.0,0.0,0.0,0.0,0.0,0.0,0.0,0.0,0.0,0.0
363,0.0,0.0,0.0,0.0,0.0,0.0,0.0,0.0,0.0,0.0
364,0.0,0.0,0.0,0.0,0.0,0.0,0.0,0.0,0.0,0.0
365,0.0,0.0,0.0,0.0,0.0,0.0,0.0,0.0,0.0,
366,0.0,0.0,0.0,0.0,0.0,0.0,0.0,0.0,0.0,
367,0.0,0.0,0.0,0.0,0.0,0.0,,0.0,0.0,
368,0.0,0.0,,0.0,0.0,0.0,,0.0,0.0,
369,0.0,,,0.0,0.0,0.0,,,0.0,
370,0.0,,,,0.0,,,,,
