Agent ID,Number of Jobs Selected
4,9
7,11
2,15
1,7
3,10
6,11
5,11
9,9
8,10
0,7
